% kinematical simulations across 2000 nm and 100 ps in 1 ps timesteps.
%bf_contrast_kinematical_-1-79A_-2-4B = ;
kin_UEM = [0.370813667384958,0.370688349338649,0.370566182593749,0.370452975156760,0.370355009046182,0.370276280638615,0.370219350128512,0.370184728565653,0.370171059100035,0.370175983574204,0.370197084128216,0.370232383912804,0.370281175220447,0.370343940647928,0.370421031681451,0.370512055266241,0.370614878735371,0.370725537832971,0.370839902853648,0.370951005372867,0.371051816986431,0.371134512305019,0.371191681994580,0.371217723498331,0.371209613070285,0.371167411456245,0.371094617679837,0.370997481603698,0.370883349627260,0.370760173848538,0.370635254087464,0.370516170895684,0.370408789803612,0.370318640385839,0.370249071589908,0.370201801539517,0.370176416013153,0.370171040823717,0.370183174889828,0.370210561058581,0.370251635483800,0.370306304510109,0.370375219273071,0.370458468122266,0.370554971724963,0.370661570202162,0.370774483444080,0.370888234914071,0.370995958483444,0.371089966909394,0.371162510407103,0.371206899713267,0.371218502954747,0.371195580128597,0.371139664450514,0.371055544478783,0.370950255319122,0.370831286203813,0.370706334959287,0.370583207815054,0.370468290749136,0.370367888828644,0.370286213344916,0.370226092466282,0.370188334399142,0.370171812653070,0.370174236724686,0.370193161414290,0.370226521361563,0.370273370192816,0.370334103832381,0.370409148850452,0.370498299235923,0.370599640853891,0.370709402596130,0.370823527031366,0.370935596784538,0.371038348818954,0.371124108518197,0.371185316812537,0.371216055001188,0.371212897172976,0.371175425810783,0.371106718055307,0.371012568595284,0.370900365644396,0.370778145302199,0.370652862437561,0.370532564813416,0.370423137972016,0.370330444112920,0.370257646879636,0.370207235461602,0.370178755198428,0.370170680330176,0.370180459090164,0.370205788512416,0.370244936060225,0.370297640549887,0.370364498468173,0.370445746332261];
kin_5A_2B = [0.157578841429396,0.157744184477128,0.157910078734678,0.158071770780852,0.158207073381191,0.158331441823528,0.158419467663757,0.158469493214927,0.158483316876299,0.158460575302714,0.158402468716169,0.158313089452573,0.158193587373527,0.158058389102796,0.157912729061809,0.157752570832722,0.157599390947031,0.157454287386296,0.157314709269206,0.157204573589950,0.157112932358417,0.157048018717109,0.157015803734147,0.157016341973346,0.157050358395352,0.157117358655787,0.157215485240148,0.157342612674880,0.157488215459329,0.157654857254582,0.157813412776730,0.157980284880586,0.158132788994610,0.158267264765853,0.158373724928968,0.158445043206691,0.158479895026629,0.158478020379588,0.158439867880811,0.158368235537941,0.158265790921804,0.158138042300571,0.157999430950634,0.157844334792706,0.157688541324949,0.157535504106121,0.157392353793895,0.157265192495359,0.157163962570245,0.157081755348473,0.157029702454575,0.157011730578599,0.157026805805004,0.157075037093463,0.157156634584773,0.157265074970161,0.157401776170977,0.157553863412743,0.157723973317626,0.157885057855410,0.158050753545021,0.158191816677950,0.158314273069202,0.158409562225478,0.158464549181561,0.158483585474265,0.158466037311446,0.158412839920116,0.158327736674807,0.158211956457568,0.158077064660338,0.157932453197772,0.157775725378801,0.157622071384652,0.157475532919435,0.157333535353933,0.157217707514391,0.157124805210521,0.157055468477071,0.157017546395852,0.157014244822287,0.157043455703319,0.157105908531118,0.157199964905581,0.157323658048952,0.157466817287443,0.157628939972831,0.157790369716467,0.157958180124302,0.158112809492445,0.158250521271577,0.158358607748479,0.158437217364458,0.158477170058722,0.158480532754091,0.158447483630848,0.158379747863068,0.158282100491202,0.158155529162894,0.158019820265131,0.157867256978560];
%bf_contrast_kinematical_5A_2B(70,:);
% Probe at 300 nm in

dyn_5A_2B = [0.149481144878426,0.147551195858684,0.148580453269781,0.150435847517809,0.151612041120693,0.149682833163423,0.142235752132703,0.127997579024563,0.107196593124616,0.118954759629885,0.136354411538987,0.146875630504281,0.151123880533007,0.151068074241682,0.149280734130078,0.147749233351682,0.148365567296757,0.150673258738591,0.152963957285698,0.153036444005465,0.148217083406537,0.136592790194291,0.117702549058854,0.116808242726523,0.136032677498290,0.147997978634610,0.153089253200350,0.153167914415854,0.150910972566097,0.148566006320349,0.147835492581966,0.149336962032989,0.151149608397959,0.151321687176061,0.147274539508363,0.136988583634177,0.119807335631489,0.106261855157199,0.127233335342657,0.141702981224757,0.149377782195666,0.151476130012058,0.150374765820231,0.148515532950083,0.147331055720640,0.149259407086864,0.151762744530858,0.153424707342194,0.151711852336268,0.144130168422168,0.129357133509163,0.107897570147805,0.125892590328910,0.142062383848425,0.150944739533127,0.153585293144041,0.152333768727859,0.149822810537115,0.147861298986506,0.148361057761775,0.150165251018106,0.151571498222912,0.150248616967517,0.143701461324083,0.130456961648172,0.110505501530917,0.115942272250394,0.134286279745211,0.145786310145785,0.150838875515522,0.151240359267450,0.149555300234840,0.147906519063910,0.148113383279408,0.150306302422468,0.152711058803003,0.153265671959162,0.149292436547606,0.138704103926532];
dyn_UEM = [0.370508674335533,0.370420322691277,0.370133893347326,0.369486866698129,0.368522992929868,0.367498765881952,0.366875365332609,0.366918858596694,0.367046731752968,0.366898140501271,0.367392864878004,0.368406349450293,0.369471311852187,0.370250982705196,0.370656554985531];

% Specimen Data
