beta_range = -0.05:0.01:0.05;
alpha_range = -0.05:0.01:0.05;

tilt_data = ... %beta varies by rows, alpha varies by columns
   [0.178813890871935 0.179835158775909 0.180864365025329 0.181894355952709 0.182914461539818 0.183910686679634 0.184865796657242 0.185760932470472 0.186577109231524 0.187296395617657 0.187903890385107; 
    0.205840362254163 0.206107939529541 0.206423909945399 0.206778737828275 0.207165138711933 0.207576682248320 0.208007638538905 0.208456594979814 0.208929599378310 0.209439191718787 0.210000314045973; 
    0.237319132408637 0.236645802334953 0.235987176623667 0.235363402693961 0.234799555407100 0.234323376272070 0.233961402508545 0.233738105128635 0.233674747107362 0.233785371248844 0.234073234338606; 
    0.267357890628847 0.268503091814796 0.268053076923759 0.267669364293505 0.267357890628847 0.267118153394618 0.266942550227580 0.266820585922543 0.266743015474339 0.266702819153960 0.266694963664000; 
    0.299293503000463 0.299633622918541 0.299988546727266 0.300331743637039 0.300639953063586 0.300894777878502 0.301083471370156 0.301199281983024 0.301240597257080 0.301208017235380 0.301102052942371; 
    0.328181960150521 0.328618644330027 0.329007279739676 0.329344262740873 0.329628595983157 0.329859916015446 0.330036894072606 0.330156935595444 0.330218958002962 0.330223825531815 0.330174417085015; 
    0.354281266607274 0.354400717902376 0.354504936720658 0.354596153050895 0.354675567441423 0.354744752945744 0.354805112626709 0.354859109800720 0.354912370866045 0.354970743703978 0.355037092703079; 
    0.377424699550171 0.377514107769373 0.377600843179133 0.377679784753738 0.377745208883361 0.377789490301387 0.377800633613748 0.377763354801975 0.377661263881752 0.377476499782300 0.377188766308268; 
    0.396404015504860 0.396305515446966 0.396108156769224 0.395785200849637 0.395308156604397 0.394647787894997 0.393774654496999 0.392661382881612 0.391286295736956 0.389634340858685 0.387695359435533; 
    0.403387394567943 0.401874471689828 0.400079660593753 0.397990300584793 0.395600066919488 0.392909773822849 0.389927235152671 0.386667930428990 0.383158158754961 0.379435178819352 0.375544882225458;
    0.385996186431369 0.382376152846965 0.378574717748807 0.374640375226832 0.370628240681073 0.366600552022470 0.362625454388588 0.358775502609714 0.355128418294905 0.351764826243708 0.348763015695335]; 

tilt_data_difference = tilt_data - tilt_data(6,6);

beta_large_range = -0.04:0.01:0.04;
alpha_large_range = -1:0.25:1;

tild_data_large = ... %beta varies by rows, alpha varies by columns
   [0.210745130506664 0.211794416577513 0.210335659406798 0.208086721374939 0.207576682248320 0.228310044724082 0.220674139969792 0.164947641696470 0.222672971276467
    0.244074675042892 0.245227310453553 0.247267918235420 0.241865124003389 0.234323376272070 0.255318419820125 0.234073234338606 0.207028300635709 0.252126990911481
    0.273383955284761 0.274257160158070 0.277127132080985 0.274896451533248 0.267118153394618 0.273220523588376 0.251328514896546 0.261099542342093 0.278384306275961
    0.299672410310570 0.299521185800238 0.302873212956139 0.302012516797085 0.300894777878502 0.293801399972555 0.250355995041912 0.306259003152007 0.306523428156217
    0.324048349064697 0.323604361723255 0.324445292507377 0.325598879049319 0.329859916015446 0.317573933710552 0.265753844235074 0.335180914355299 0.333699083979001
    0.347857007380173 0.346878542521919 0.345676213251237 0.348685985712969 0.354744752945744 0.330506213037035 0.345676213251237 0.354716392041562 0.356598910317837
    0.370543347943641 0.370934924705859 0.371170651872167 0.371984821072384 0.377789490301387 0.327417557764624 0.354637012947764 0.373258878077382 0.376050055842047
    0.389246012699397 0.389960947838052 0.392201606908955 0.393209759738598 0.394647787894997 0.328595386951378 0.391629852078094 0.390085646295355 0.394636192509437
    0.401776491026871 0.403869166223970 0.402341715228323 0.406392264460559 0.392909773822849 0.354497365977619 0.408041051737270 0.400202943803061 0.409025004152294];

tilt_data_large_difference = tild_data_large - tild_data_large(6,6);